0000000000000000000000000
0000000000000000000000000
0000000000000000000000000
0000000000000000000000000
0000000000000000000000000
0000000000000000001000001
0000000000000000010000010
0000000000000000011000011
1000000011000100000100100
1001000011000100000100110
0001000000000000010000010
0001000000000000011000011
1000100011000100000100101
1001100011000100000100100
1010000011000100000100110
1011000011000100000100101
1010100011000100000100110
1011100011000100000100100
1100000001000100000100101
1100000010000100000100110
1100000011000100000100111
1100000100000100000101000
1100000101000000001001001
1100000110000000001001010
1100000111000100000101011
1100001000000100000101100
0000111111111111111000001
1100001001000100000101101
0000000000000000001000001
1100001011000100000101110
1100001100000000001001111
1100001101000100000110000
1100001110000010001010001
1100001111000100000110010
1100010000000100000110011
1100010001000100000110100
1100010010000100000110101
1100010011000100000110110
